1973 -0.413563601039 -0.496157515972 -0.750832235858 0.9 0.1 0.1 0.1 0.1 0.1 0.1 0.1 0.1 0.1 0.1 0.1 0.1 0.1 0.1 0.1 0.9 0.1 0.1 0.1 0.1 0.1 0.1 0.1 0.1 0.1 0.1 0.1 0.1 0.9 0.1 0.1 0.1 0.1 0.9 0.1 0.1 0.1 0.1 0.9 0.1 0.1 0.1 0.1 130000
205 -1.36933259866 0.426926234673 0.89855436011 0.1 0.1 0.1 0.1 0.1 0.1 0.1 0.1 0.1 0.1 0.1 0.1 0.1 0.1 0.1 0.1 0.1 0.1 0.1 0.1 0.1 0.9 0.1 0.1 0.1 0.1 0.1 0.1 0.1 0.9 0.1 0.1 0.1 0.1 0.9 0.1 0.1 0.1 0.9 0.1 0.1 0.1 0.1 0.1 122000
1644 1.08429106316 0.426926234673 1.39166994035 0.9 0.1 0.1 0.1 0.1 0.1 0.1 0.1 0.1 0.1 0.1 0.1 0.1 0.1 0.1 0.1 0.1 0.1 0.1 0.1 0.9 0.1 0.1 0.1 0.1 0.1 0.1 0.1 0.1 0.1 0.9 0.1 0.1 0.1 0.1 0.9 0.1 0.1 0.1 0.9 0.1 0.1 0.1 0.1 182900
2307 0.563174326377 0.426926234673 -0.376744554298 0.9 0.1 0.1 0.1 0.1 0.1 0.1 0.1 0.1 0.1 0.1 0.1 0.1 0.1 0.1 0.1 0.9 0.1 0.1 0.1 0.1 0.1 0.1 0.1 0.1 0.1 0.1 0.1 0.1 0.9 0.1 0.1 0.1 0.1 0.1 0.9 0.1 0.1 0.1 0.9 0.1 0.1 0.1 0.1 157500
2897 -0.0798728540366 1.35000998532 0.962319305831 0.9 0.1 0.1 0.1 0.1 0.1 0.1 0.1 0.1 0.1 0.1 0.1 0.1 0.1 0.1 0.1 0.1 0.1 0.1 0.1 0.1 0.1 0.1 0.1 0.1 0.1 0.1 0.9 0.1 0.1 0.1 0.9 0.1 0.1 0.1 0.9 0.1 0.1 0.1 0.9 0.1 0.1 0.1 0.1 180000
1297 0.632294132001 0.426926234673 1.37466595482 0.9 0.1 0.1 0.1 0.1 0.1 0.1 0.1 0.1 0.1 0.1 0.1 0.1 0.1 0.1 0.1 0.1 0.1 0.1 0.1 0.1 0.9 0.1 0.1 0.1 0.1 0.1 0.1 0.1 0.9 0.1 0.1 0.1 0.1 0.9 0.1 0.1 0.1 0.1 0.9 0.1 0.1 0.1 0.1 155000
909 0.399306023156 0.426926234673 1.59996876303 0.9 0.1 0.1 0.1 0.1 0.1 0.1 0.1 0.1 0.1 0.1 0.1 0.1 0.1 0.1 0.1 0.1 0.1 0.1 0.1 0.1 0.1 0.9 0.1 0.1 0.1 0.1 0.1 0.1 0.9 0.1 0.1 0.1 0.1 0.9 0.1 0.1 0.1 0.9 0.1 0.1 0.1 0.1 0.1 139500
2158 2.29608810483 2.27309373596 0.970821298593 0.9 0.1 0.1 0.1 0.1 0.1 0.9 0.1 0.1 0.1 0.1 0.1 0.1 0.1 0.1 0.1 0.1 0.1 0.1 0.1 0.1 0.1 0.1 0.1 0.1 0.1 0.1 0.1 0.1 0.1 0.1 0.9 0.1 0.1 0.1 0.1 0.9 0.1 0.1 0.1 0.9 0.1 0.1 0.1 246900
2293 0.199712876578 -0.496157515972 -0.4447604964 0.9 0.1 0.1 0.1 0.1 0.1 0.1 0.1 0.1 0.1 0.1 0.1 0.1 0.1 0.1 0.9 0.1 0.1 0.1 0.1 0.1 0.1 0.1 0.1 0.1 0.1 0.1 0.1 0.1 0.9 0.1 0.1 0.1 0.1 0.9 0.1 0.1 0.1 0.1 0.1 0.9 0.1 0.1 0.1 153500
1567 0.394128509626 0.426926234673 0.0228491055498 0.9 0.1 0.1 0.1 0.1 0.1 0.1 0.1 0.1 0.1 0.1 0.1 0.1 0.1 0.1 0.9 0.1 0.1 0.1 0.1 0.1 0.1 0.1 0.1 0.1 0.1 0.1 0.1 0.1 0.9 0.1 0.1 0.1 0.1 0.9 0.1 0.1 0.1 0.1 0.9 0.1 0.1 0.1 0.1 171000
1218 1.07057065231 -1.41924126662 -0.0536688293147 0.9 0.1 0.1 0.1 0.1 0.1 0.1 0.1 0.1 0.1 0.1 0.1 0.1 0.1 0.1 0.1 0.9 0.1 0.1 0.1 0.1 0.1 0.1 0.1 0.1 0.1 0.1 0.1 0.1 0.9 0.1 0.1 0.1 0.1 0.1 0.9 0.1 0.1 0.1 0.1 0.9 0.1 0.1 0.1 141000
636 1.04649521439 0.426926234673 0.435195754542 0.1 0.1 0.1 0.1 0.1 0.1 0.1 0.1 0.1 0.1 0.1 0.1 0.1 0.1 0.1 0.1 0.9 0.1 0.1 0.1 0.1 0.1 0.1 0.1 0.1 0.1 0.1 0.1 0.1 0.9 0.1 0.1 0.1 0.1 0.1 0.9 0.1 0.1 0.1 0.9 0.1 0.1 0.1 0.1 155000
1156 2.88658352292 0.426926234673 1.34915997653 0.9 0.1 0.1 0.1 0.1 0.1 0.1 0.1 0.1 0.1 0.1 0.1 0.1 0.1 0.1 0.1 0.1 0.1 0.1 0.1 0.1 0.1 0.1 0.1 0.1 0.1 0.1 0.1 0.9 0.9 0.1 0.1 0.1 0.1 0.9 0.1 0.1 0.1 0.1 0.9 0.1 0.1 0.1 0.1 192000
2034 -0.381980768506 0.426926234673 1.03033524793 0.1 0.1 0.1 0.1 0.1 0.1 0.1 0.1 0.1 0.1 0.1 0.1 0.9 0.1 0.1 0.1 0.1 0.1 0.1 0.1 0.1 0.1 0.1 0.1 0.1 0.1 0.1 0.1 0.1 0.9 0.1 0.1 0.1 0.1 0.9 0.1 0.1 0.1 0.1 0.1 0.9 0.1 0.1 0.1 127000
1817 0.212915536079 -0.496157515972 -0.971884047689 0.1 0.1 0.1 0.1 0.1 0.1 0.1 0.1 0.1 0.1 0.1 0.1 0.1 0.1 0.1 0.1 0.1 0.1 0.1 0.1 0.1 0.1 0.1 0.1 0.9 0.1 0.1 0.1 0.1 0.1 0.1 0.9 0.1 0.1 0.1 0.9 0.1 0.1 0.1 0.9 0.1 0.1 0.1 0.1 144000
279 -0.531352033844 0.426926234673 -0.0706728148401 0.9 0.1 0.1 0.1 0.1 0.1 0.1 0.1 0.9 0.1 0.1 0.1 0.1 0.1 0.1 0.1 0.1 0.1 0.1 0.1 0.1 0.1 0.1 0.1 0.1 0.1 0.1 0.1 0.1 0.9 0.1 0.1 0.1 0.1 0.9 0.1 0.1 0.1 0.1 0.9 0.1 0.1 0.1 0.1 125200
2819 0.134476206101 -1.41924126662 0.456450736449 0.1 0.1 0.1 0.1 0.1 0.1 0.1 0.1 0.9 0.1 0.1 0.1 0.1 0.1 0.1 0.1 0.1 0.1 0.1 0.1 0.1 0.1 0.1 0.1 0.1 0.1 0.1 0.1 0.1 0.9 0.1 0.1 0.1 0.1 0.9 0.1 0.1 0.1 0.1 0.9 0.1 0.1 0.1 0.1 102000
2007 0.0819244437728 -0.496157515972 1.37041495844 0.1 0.1 0.1 0.1 0.9 0.1 0.1 0.1 0.1 0.1 0.1 0.1 0.1 0.1 0.1 0.1 0.1 0.1 0.1 0.1 0.1 0.1 0.1 0.1 0.1 0.1 0.1 0.1 0.1 0.9 0.1 0.1 0.1 0.1 0.9 0.1 0.1 0.1 0.1 0.9 0.1 0.1 0.1 0.1 128250
2871 1.91372873065 -0.496157515972 0.949566316687 0.9 0.1 0.1 0.1 0.1 0.1 0.1 0.9 0.1 0.1 0.1 0.1 0.1 0.1 0.1 0.1 0.1 0.1 0.1 0.1 0.1 0.1 0.1 0.1 0.1 0.1 0.1 0.1 0.1 0.1 0.9 0.1 0.1 0.1 0.9 0.1 0.1 0.1 0.1 0.9 0.1 0.1 0.1 0.1 157000
1360 -0.534976293315 0.426926234673 -1.46499962793 0.1 0.1 0.1 0.1 0.1 0.1 0.1 0.1 0.1 0.1 0.1 0.1 0.9 0.1 0.1 0.1 0.1 0.1 0.1 0.1 0.1 0.1 0.1 0.1 0.1 0.1 0.1 0.1 0.1 0.9 0.1 0.1 0.1 0.1 0.1 0.9 0.1 0.1 0.9 0.1 0.1 0.1 0.1 0.1 93850
1929 0.994202327741 -0.496157515972 1.26839104529 0.9 0.1 0.1 0.1 0.1 0.1 0.1 0.1 0.1 0.1 0.1 0.1 0.1 0.1 0.1 0.1 0.9 0.1 0.1 0.1 0.1 0.1 0.1 0.1 0.1 0.1 0.1 0.1 0.1 0.9 0.1 0.1 0.1 0.1 0.1 0.9 0.1 0.1 0.1 0.9 0.1 0.1 0.1 0.1 130000
390 0.697013051125 1.35000998532 0.341673834152 0.9 0.1 0.1 0.1 0.1 0.1 0.1 0.1 0.1 0.1 0.1 0.1 0.1 0.1 0.1 0.1 0.1 0.1 0.1 0.1 0.9 0.1 0.1 0.1 0.1 0.1 0.1 0.1 0.1 0.1 0.9 0.1 0.1 0.1 0.1 0.9 0.1 0.1 0.1 0.9 0.1 0.1 0.1 0.1 158000
2615 -0.32554587103 -0.496157515972 -1.26095180162 0.1 0.1 0.1 0.1 0.1 0.1 0.1 0.1 0.1 0.1 0.1 0.1 0.1 0.1 0.1 0.1 0.9 0.1 0.1 0.1 0.1 0.1 0.1 0.1 0.1 0.1 0.1 0.1 0.1 0.1 0.9 0.1 0.1 0.1 0.1 0.9 0.1 0.1 0.1 0.9 0.1 0.1 0.1 0.1 129900
861 -0.299658303381 -0.496157515972 -1.46499962793 0.1 0.1 0.1 0.1 0.1 0.1 0.9 0.1 0.1 0.1 0.1 0.1 0.1 0.1 0.1 0.1 0.1 0.1 0.1 0.1 0.1 0.1 0.1 0.1 0.1 0.1 0.1 0.1 0.1 0.9 0.1 0.1 0.1 0.1 0.9 0.1 0.1 0.1 0.1 0.9 0.1 0.1 0.1 0.1 133900
2374 -1.11692881408 0.426926234673 -0.185449717137 0.9 0.1 0.1 0.1 0.1 0.1 0.1 0.1 0.1 0.1 0.1 0.1 0.1 0.1 0.1 0.1 0.1 0.1 0.9 0.1 0.1 0.1 0.1 0.1 0.1 0.1 0.1 0.1 0.1 0.9 0.1 0.1 0.1 0.1 0.9 0.1 0.1 0.1 0.1 0.9 0.1 0.1 0.1 0.1 146300
1035 0.360474671681 0.426926234673 -0.249214662857 0.1 0.1 0.1 0.1 0.1 0.1 0.1 0.1 0.1 0.1 0.1 0.1 0.1 0.1 0.1 0.1 0.9 0.1 0.1 0.1 0.1 0.1 0.1 0.1 0.1 0.1 0.1 0.1 0.1 0.1 0.1 0.1 0.9 0.1 0.9 0.1 0.1 0.1 0.1 0.9 0.1 0.1 0.1 0.1 151000
2622 -0.299658303381 -0.496157515972 -0.308728612196 0.1 0.1 0.1 0.1 0.1 0.1 0.1 0.1 0.1 0.1 0.1 0.1 0.1 0.1 0.1 0.1 0.9 0.1 0.1 0.1 0.1 0.1 0.1 0.1 0.1 0.1 0.1 0.1 0.1 0.9 0.1 0.1 0.1 0.1 0.9 0.1 0.1 0.1 0.1 0.9 0.1 0.1 0.1 0.1 109500
1030 0.528743861403 0.426926234673 1.40867392587 0.9 0.1 0.1 0.1 0.1 0.1 0.1 0.1 0.1 0.1 0.1 0.1 0.1 0.1 0.1 0.1 0.1 0.1 0.1 0.1 0.9 0.1 0.1 0.1 0.1 0.1 0.1 0.1 0.1 0.9 0.1 0.1 0.1 0.1 0.9 0.1 0.1 0.1 0.1 0.9 0.1 0.1 0.1 0.1 159900
313 1.02785616569 0.426926234673 -0.334234590485 0.1 0.1 0.1 0.1 0.1 0.1 0.1 0.1 0.1 0.1 0.1 0.1 0.1 0.1 0.1 0.9 0.1 0.1 0.1 0.1 0.1 0.1 0.1 0.1 0.1 0.1 0.1 0.1 0.1 0.9 0.1 0.1 0.1 0.1 0.1 0.9 0.1 0.1 0.1 0.9 0.1 0.1 0.1 0.1 169900
400 -0.0614926810054 -1.41924126662 -1.05690397532 0.1 0.1 0.1 0.1 0.1 0.1 0.1 0.1 0.1 0.1 0.1 0.1 0.1 0.1 0.1 0.1 0.9 0.1 0.1 0.1 0.1 0.1 0.1 0.1 0.1 0.1 0.1 0.1 0.1 0.9 0.1 0.1 0.1 0.1 0.9 0.1 0.1 0.1 0.1 0.9 0.1 0.1 0.1 0.1 124500
2006 -0.389229287448 -0.496157515972 -0.223708684569 0.9 0.1 0.1 0.1 0.9 0.1 0.1 0.1 0.1 0.1 0.1 0.1 0.1 0.1 0.1 0.1 0.1 0.1 0.1 0.1 0.1 0.1 0.1 0.1 0.1 0.1 0.1 0.1 0.1 0.9 0.1 0.1 0.1 0.1 0.9 0.1 0.1 0.1 0.1 0.1 0.9 0.1 0.1 0.1 136500
206 0.0296315571208 -0.496157515972 -1.26095180162 0.1 0.1 0.1 0.1 0.1 0.1 0.1 0.1 0.1 0.1 0.1 0.1 0.9 0.1 0.1 0.1 0.1 0.1 0.1 0.1 0.1 0.1 0.1 0.1 0.1 0.1 0.1 0.1 0.1 0.1 0.9 0.1 0.1 0.1 0.1 0.1 0.9 0.1 0.1 0.9 0.1 0.1 0.1 0.1 110000
2662 -0.86918479167 -0.496157515972 1.39166994035 0.1 0.1 0.1 0.1 0.1 0.1 0.1 0.1 0.1 0.1 0.1 0.1 0.1 0.1 0.1 0.1 0.1 0.1 0.1 0.1 0.1 0.9 0.1 0.1 0.1 0.1 0.1 0.1 0.1 0.1 0.9 0.1 0.1 0.1 0.9 0.1 0.1 0.1 0.9 0.1 0.1 0.1 0.1 0.1 79000
2584 0.764320727013 0.426926234673 1.11535517556 0.9 0.1 0.1 0.1 0.1 0.1 0.1 0.1 0.1 0.1 0.1 0.1 0.1 0.1 0.1 0.1 0.9 0.1 0.1 0.1 0.1 0.1 0.1 0.1 0.1 0.1 0.1 0.1 0.1 0.9 0.1 0.1 0.1 0.1 0.9 0.1 0.1 0.1 0.1 0.9 0.1 0.1 0.1 0.1 140000
2729 0.637471645531 -0.496157515972 -1.28645777991 0.1 0.1 0.1 0.1 0.1 0.1 0.1 0.1 0.1 0.1 0.1 0.1 0.1 0.1 0.1 0.1 0.1 0.1 0.1 0.1 0.1 0.1 0.1 0.9 0.1 0.1 0.1 0.1 0.1 0.1 0.9 0.1 0.1 0.1 0.9 0.1 0.1 0.1 0.1 0.1 0.9 0.1 0.1 0.1 130000
1548 -0.638785439589 0.426926234673 -1.26095180162 0.1 0.1 0.1 0.1 0.1 0.1 0.1 0.1 0.1 0.1 0.1 0.1 0.9 0.1 0.1 0.1 0.1 0.1 0.1 0.1 0.1 0.1 0.1 0.1 0.1 0.1 0.1 0.1 0.1 0.1 0.9 0.1 0.1 0.1 0.9 0.1 0.1 0.1 0.9 0.1 0.1 0.1 0.1 0.1 120500
36 -1.57332663174 0.426926234673 1.45968588245 0.9 0.1 0.1 0.1 0.1 0.1 0.1 0.1 0.1 0.1 0.1 0.1 0.1 0.1 0.1 0.1 0.1 0.1 0.9 0.1 0.1 0.1 0.1 0.1 0.1 0.1 0.1 0.1 0.1 0.9 0.1 0.1 0.1 0.1 0.9 0.1 0.1 0.1 0.1 0.9 0.1 0.1 0.1 0.1 146000
324 0.454705417925 -0.496157515972 1.34915997653 0.1 0.1 0.1 0.1 0.1 0.1 0.1 0.1 0.1 0.1 0.1 0.1 0.1 0.1 0.1 0.9 0.1 0.1 0.1 0.1 0.1 0.1 0.1 0.1 0.1 0.1 0.1 0.1 0.1 0.9 0.1 0.1 0.1 0.1 0.9 0.1 0.1 0.1 0.1 0.1 0.9 0.1 0.1 0.1 173500
2517 0.308440660706 2.27309373596 1.62122374494 0.9 0.1 0.1 0.1 0.1 0.1 0.1 0.1 0.1 0.1 0.1 0.1 0.1 0.1 0.1 0.1 0.1 0.1 0.1 0.1 0.1 0.1 0.1 0.1 0.1 0.1 0.1 0.1 0.9 0.1 0.1 0.9 0.1 0.1 0.1 0.9 0.1 0.1 0.1 0.1 0.9 0.1 0.1 0.1 270000
144 0.104187751951 0.426926234673 0.345924830533 0.1 0.1 0.1 0.1 0.1 0.1 0.1 0.1 0.1 0.1 0.1 0.1 0.1 0.1 0.1 0.1 0.9 0.1 0.1 0.1 0.1 0.1 0.1 0.1 0.1 0.1 0.1 0.1 0.1 0.9 0.1 0.1 0.1 0.1 0.9 0.1 0.1 0.1 0.1 0.9 0.1 0.1 0.1 0.1 148000
798 0.1818504549 0.426926234673 0.61798859894 0.1 0.1 0.1 0.1 0.1 0.1 0.1 0.1 0.9 0.1 0.1 0.1 0.1 0.1 0.1 0.1 0.1 0.1 0.1 0.1 0.1 0.1 0.1 0.1 0.1 0.1 0.1 0.1 0.1 0.9 0.1 0.1 0.1 0.1 0.9 0.1 0.1 0.1 0.9 0.1 0.1 0.1 0.1 0.1 105000
2287 -1.76670676208 -1.41924126662 -0.512776438502 0.1 0.1 0.1 0.1 0.1 0.1 0.1 0.1 0.1 0.1 0.1 0.1 0.1 0.1 0.9 0.1 0.1 0.1 0.1 0.1 0.1 0.1 0.1 0.1 0.1 0.1 0.1 0.1 0.1 0.9 0.1 0.1 0.1 0.1 0.9 0.1 0.1 0.1 0.1 0.9 0.1 0.1 0.1 0.1 106500
2008 0.096680357333 -0.496157515972 0.231147928237 0.9 0.1 0.1 0.1 0.9 0.1 0.1 0.1 0.1 0.1 0.1 0.1 0.1 0.1 0.1 0.1 0.1 0.1 0.1 0.1 0.1 0.1 0.1 0.1 0.1 0.1 0.1 0.1 0.1 0.9 0.1 0.1 0.1 0.1 0.1 0.9 0.1 0.1 0.9 0.1 0.1 0.1 0.1 0.1 144000
823 0.212397784726 2.27309373596 1.51069783903 0.9 0.1 0.1 0.1 0.1 0.1 0.9 0.1 0.1 0.1 0.1 0.1 0.1 0.1 0.1 0.1 0.1 0.1 0.1 0.1 0.1 0.1 0.1 0.1 0.1 0.1 0.1 0.1 0.1 0.9 0.1 0.1 0.1 0.1 0.9 0.1 0.1 0.1 0.1 0.1 0.9 0.1 0.1 0.1 239900
1432 0.360474671681 -0.496157515972 -0.521278431264 0.1 0.1 0.1 0.1 0.1 0.1 0.9 0.1 0.1 0.1 0.1 0.1 0.1 0.1 0.1 0.1 0.1 0.1 0.1 0.1 0.1 0.1 0.1 0.1 0.1 0.1 0.1 0.1 0.1 0.9 0.1 0.1 0.1 0.1 0.9 0.1 0.1 0.1 0.1 0.1 0.9 0.1 0.1 0.1 155000
672 0.542723147934 0.426926234673 -0.0324138474079 0.1 0.1 0.1 0.1 0.1 0.1 0.1 0.1 0.1 0.1 0.1 0.1 0.1 0.1 0.1 0.1 0.9 0.1 0.1 0.1 0.1 0.1 0.1 0.1 0.1 0.1 0.1 0.1 0.1 0.1 0.9 0.1 0.1 0.1 0.1 0.9 0.1 0.1 0.1 0.9 0.1 0.1 0.1 0.1 135000
793 0.254335644318 -1.41924126662 -1.87309528054 0.1 0.1 0.1 0.1 0.1 0.1 0.1 0.1 0.9 0.1 0.1 0.1 0.1 0.1 0.1 0.1 0.1 0.1 0.1 0.1 0.1 0.1 0.1 0.1 0.1 0.1 0.1 0.1 0.1 0.9 0.1 0.1 0.1 0.1 0.9 0.1 0.1 0.1 0.1 0.9 0.1 0.1 0.1 0.1 113000
978 -1.78120379996 -1.41924126662 -2.05163712855 0.1 0.1 0.1 0.1 0.1 0.1 0.1 0.1 0.1 0.1 0.1 0.1 0.1 0.1 0.9 0.1 0.1 0.1 0.1 0.1 0.1 0.1 0.1 0.1 0.1 0.1 0.1 0.1 0.1 0.9 0.1 0.1 0.1 0.1 0.9 0.1 0.1 0.1 0.1 0.9 0.1 0.1 0.1 0.1 80000
2824 -0.0796139783601 0.426926234673 -0.844354156248 0.1 0.1 0.1 0.1 0.1 0.1 0.1 0.1 0.9 0.1 0.1 0.1 0.1 0.1 0.1 0.1 0.1 0.1 0.1 0.1 0.1 0.1 0.1 0.1 0.1 0.1 0.1 0.1 0.1 0.9 0.1 0.1 0.1 0.1 0.9 0.1 0.1 0.1 0.1 0.1 0.9 0.1 0.1 0.1 117250
1486 0.108588638452 -0.496157515972 -1.34597172925 0.1 0.1 0.1 0.1 0.1 0.1 0.1 0.1 0.9 0.1 0.1 0.1 0.1 0.1 0.1 0.1 0.1 0.1 0.1 0.1 0.1 0.1 0.1 0.1 0.1 0.1 0.1 0.1 0.1 0.9 0.1 0.1 0.1 0.1 0.9 0.1 0.1 0.1 0.1 0.9 0.1 0.1 0.1 0.1 85000
923 1.6367317568 -0.496157515972 0.681753544661 0.1 0.1 0.1 0.1 0.1 0.1 0.1 0.9 0.1 0.1 0.1 0.1 0.1 0.1 0.1 0.1 0.1 0.1 0.1 0.1 0.1 0.1 0.1 0.1 0.1 0.1 0.1 0.1 0.1 0.9 0.1 0.1 0.1 0.1 0.1 0.9 0.1 0.1 0.1 0.9 0.1 0.1 0.1 0.1 155000
925 -0.175139102987 -0.496157515972 0.979323291356 0.9 0.1 0.1 0.1 0.1 0.1 0.1 0.9 0.1 0.1 0.1 0.1 0.1 0.1 0.1 0.1 0.1 0.1 0.1 0.1 0.1 0.1 0.1 0.1 0.1 0.1 0.1 0.1 0.1 0.1 0.1 0.1 0.9 0.1 0.1 0.9 0.1 0.1 0.9 0.1 0.1 0.1 0.1 0.1 154900
2228 -1.15213590608 2.27309373596 -0.393748539824 0.1 0.1 0.9 0.1 0.1 0.1 0.1 0.1 0.1 0.1 0.1 0.1 0.1 0.1 0.1 0.1 0.1 0.1 0.1 0.1 0.1 0.1 0.1 0.1 0.1 0.1 0.1 0.1 0.1 0.9 0.1 0.1 0.1 0.1 0.1 0.9 0.1 0.1 0.1 0.9 0.1 0.1 0.1 0.1 200000
1412 0.256924401083 -0.496157515972 -1.05690397532 0.1 0.1 0.1 0.1 0.1 0.1 0.1 0.1 0.9 0.1 0.1 0.1 0.1 0.1 0.1 0.1 0.1 0.1 0.1 0.1 0.1 0.1 0.1 0.1 0.1 0.1 0.1 0.1 0.1 0.9 0.1 0.1 0.1 0.1 0.9 0.1 0.1 0.1 0.1 0.1 0.9 0.1 0.1 0.1 99600
2690 -1.09751313834 -1.41924126662 -1.78382435653 0.1 0.1 0.1 0.1 0.1 0.1 0.1 0.1 0.1 0.1 0.1 0.1 0.1 0.1 0.1 0.1 0.1 0.1 0.1 0.1 0.1 0.9 0.1 0.1 0.1 0.1 0.1 0.1 0.1 0.1 0.9 0.1 0.1 0.1 0.1 0.9 0.1 0.1 0.1 0.9 0.1 0.1 0.1 0.1 52500
1263 0.775970132456 1.35000998532 0.847542403534 0.9 0.1 0.1 0.1 0.1 0.1 0.1 0.1 0.1 0.1 0.1 0.1 0.1 0.1 0.1 0.1 0.9 0.1 0.1 0.1 0.1 0.1 0.1 0.1 0.1 0.1 0.1 0.1 0.1 0.1 0.9 0.1 0.1 0.1 0.1 0.9 0.1 0.1 0.1 0.9 0.1 0.1 0.1 0.1 186000
665 0.632294132001 -0.496157515972 -1.13342191018 0.1 0.1 0.1 0.1 0.1 0.1 0.1 0.1 0.1 0.1 0.1 0.1 0.1 0.1 0.1 0.1 0.1 0.1 0.1 0.1 0.1 0.9 0.1 0.1 0.1 0.1 0.1 0.1 0.1 0.9 0.1 0.1 0.1 0.1 0.9 0.1 0.1 0.1 0.9 0.1 0.1 0.1 0.1 0.1 106000
194 -0.86918479167 -1.41924126662 -1.47775261707 0.1 0.1 0.1 0.1 0.9 0.1 0.1 0.1 0.1 0.1 0.1 0.1 0.1 0.1 0.1 0.1 0.1 0.1 0.1 0.1 0.1 0.1 0.1 0.1 0.1 0.1 0.1 0.1 0.1 0.9 0.1 0.1 0.1 0.1 0.9 0.1 0.1 0.1 0.9 0.1 0.1 0.1 0.1 0.1 87000
2558 -0.238045892375 -0.496157515972 0.592482620652 0.1 0.1 0.1 0.1 0.9 0.1 0.1 0.1 0.1 0.1 0.1 0.1 0.1 0.1 0.1 0.1 0.1 0.1 0.1 0.1 0.1 0.1 0.1 0.1 0.1 0.1 0.1 0.1 0.1 0.9 0.1 0.1 0.1 0.1 0.1 0.9 0.1 0.1 0.1 0.1 0.9 0.1 0.1 0.1 127000
540 1.220459669 1.35000998532 0.00584512002437 0.1 0.1 0.1 0.1 0.1 0.1 0.1 0.1 0.1 0.1 0.1 0.1 0.1 0.1 0.1 0.1 0.1 0.1 0.1 0.1 0.1 0.1 0.1 0.1 0.9 0.1 0.1 0.1 0.1 0.9 0.1 0.1 0.1 0.1 0.9 0.1 0.1 0.1 0.1 0.1 0.9 0.1 0.1 0.1 159000
1814 2.02918728237 1.35000998532 1.62122374494 0.9 0.1 0.1 0.1 0.1 0.1 0.1 0.1 0.1 0.1 0.1 0.1 0.1 0.1 0.1 0.1 0.1 0.1 0.1 0.1 0.1 0.1 0.1 0.1 0.9 0.1 0.1 0.1 0.1 0.9 0.1 0.1 0.1 0.1 0.1 0.1 0.1 0.9 0.1 0.1 0.9 0.1 0.1 0.1 215000
338 0.54815953714 -0.496157515972 0.686004541042 0.1 0.1 0.1 0.1 0.1 0.1 0.1 0.1 0.1 0.1 0.1 0.1 0.1 0.1 0.1 0.9 0.1 0.1 0.1 0.1 0.1 0.1 0.1 0.1 0.1 0.1 0.1 0.1 0.1 0.9 0.1 0.1 0.1 0.1 0.9 0.1 0.1 0.1 0.1 0.1 0.9 0.1 0.1 0.1 136000
2111 -0.288785524968 1.35000998532 0.669000555517 0.1 0.1 0.1 0.1 0.1 0.1 0.9 0.1 0.1 0.1 0.1 0.1 0.1 0.1 0.1 0.1 0.1 0.1 0.1 0.1 0.1 0.1 0.1 0.1 0.1 0.1 0.1 0.1 0.1 0.9 0.1 0.1 0.1 0.1 0.9 0.1 0.1 0.1 0.1 0.1 0.9 0.1 0.1 0.1 175900
2183 -1.21219506303 0.426926234673 -0.172696727993 0.1 0.1 0.1 0.1 0.1 0.1 0.1 0.1 0.9 0.1 0.1 0.1 0.1 0.1 0.1 0.1 0.1 0.1 0.1 0.1 0.1 0.1 0.1 0.1 0.1 0.1 0.1 0.1 0.1 0.9 0.1 0.1 0.1 0.1 0.9 0.1 0.1 0.1 0.1 0.1 0.9 0.1 0.1 0.1 140000
2486 0.19220548196 -0.496157515972 -0.529780424027 0.1 0.1 0.1 0.1 0.1 0.1 0.1 0.1 0.1 0.1 0.1 0.1 0.1 0.1 0.1 0.1 0.1 0.1 0.1 0.1 0.1 0.1 0.1 0.9 0.1 0.1 0.1 0.1 0.1 0.9 0.1 0.1 0.1 0.1 0.9 0.1 0.1 0.1 0.1 0.9 0.1 0.1 0.1 0.1 129500
219 0.845866565109 -0.496157515972 -0.312979608578 0.1 0.1 0.1 0.1 0.1 0.1 0.1 0.1 0.1 0.1 0.1 0.1 0.1 0.1 0.1 0.1 0.1 0.1 0.1 0.1 0.1 0.1 0.1 0.9 0.1 0.1 0.1 0.1 0.1 0.9 0.1 0.1 0.1 0.1 0.9 0.1 0.1 0.1 0.1 0.1 0.9 0.1 0.1 0.1 131500
2367 -1.65797897795 0.426926234673 -0.534031420408 0.1 0.1 0.1 0.9 0.1 0.1 0.1 0.1 0.1 0.1 0.1 0.1 0.1 0.1 0.1 0.1 0.1 0.1 0.1 0.1 0.1 0.1 0.1 0.1 0.1 0.1 0.1 0.1 0.1 0.9 0.1 0.1 0.1 0.1 0.9 0.1 0.1 0.1 0.1 0.9 0.1 0.1 0.1 0.1 83000
705 -0.610309115175 -1.41924126662 -0.750832235858 0.1 0.1 0.1 0.1 0.1 0.1 0.1 0.1 0.1 0.1 0.1 0.1 0.1 0.1 0.1 0.1 0.1 0.1 0.1 0.1 0.1 0.9 0.1 0.1 0.1 0.1 0.1 0.1 0.1 0.9 0.1 0.1 0.1 0.1 0.9 0.1 0.1 0.1 0.1 0.9 0.1 0.1 0.1 0.1 93000
1813 0.0239362922379 1.35000998532 1.00482926964 0.1 0.1 0.1 0.1 0.1 0.1 0.1 0.1 0.1 0.1 0.1 0.1 0.1 0.1 0.1 0.1 0.1 0.1 0.1 0.1 0.1 0.1 0.1 0.1 0.9 0.1 0.1 0.1 0.1 0.9 0.1 0.1 0.1 0.1 0.9 0.1 0.1 0.1 0.1 0.1 0.9 0.1 0.1 0.1 179000
1821 -0.242705654552 -0.496157515972 -0.236461673713 0.1 0.1 0.1 0.1 0.1 0.1 0.1 0.1 0.1 0.1 0.1 0.1 0.1 0.1 0.1 0.1 0.1 0.1 0.1 0.1 0.1 0.1 0.1 0.9 0.1 0.1 0.1 0.1 0.1 0.9 0.1 0.1 0.1 0.1 0.9 0.1 0.1 0.1 0.1 0.9 0.1 0.1 0.1 0.1 132000
2144 -0.299658303381 -1.41924126662 -1.01014301512 0.1 0.1 0.1 0.1 0.1 0.1 0.9 0.1 0.1 0.1 0.1 0.1 0.1 0.1 0.1 0.1 0.1 0.1 0.1 0.1 0.1 0.1 0.1 0.1 0.1 0.1 0.1 0.1 0.1 0.9 0.1 0.1 0.1 0.1 0.9 0.1 0.1 0.1 0.1 0.9 0.1 0.1 0.1 0.1 117000
2899 -0.0671879458883 0.426926234673 1.23438307424 0.1 0.1 0.1 0.1 0.1 0.1 0.1 0.1 0.1 0.1 0.1 0.1 0.1 0.1 0.1 0.1 0.1 0.1 0.1 0.1 0.1 0.1 0.1 0.1 0.1 0.1 0.1 0.9 0.1 0.9 0.1 0.1 0.1 0.1 0.1 0.9 0.1 0.1 0.1 0.1 0.1 0.1 0.1 0.9 202000
1262 0.471791212574 -0.496157515972 -0.291724626671 0.9 0.1 0.1 0.1 0.1 0.1 0.1 0.1 0.1 0.1 0.1 0.1 0.1 0.1 0.1 0.1 0.9 0.1 0.1 0.1 0.1 0.1 0.1 0.1 0.1 0.1 0.1 0.1 0.1 0.1 0.9 0.1 0.1 0.1 0.1 0.9 0.1 0.1 0.1 0.9 0.1 0.1 0.1 0.1 139000
708 -0.246847665376 -1.41924126662 -1.06965696446 0.1 0.1 0.1 0.1 0.1 0.1 0.1 0.1 0.1 0.1 0.1 0.1 0.1 0.1 0.1 0.1 0.1 0.1 0.1 0.1 0.1 0.9 0.1 0.1 0.1 0.1 0.1 0.1 0.1 0.1 0.9 0.1 0.1 0.1 0.9 0.1 0.1 0.1 0.9 0.1 0.1 0.1 0.1 0.1 80000
2685 -0.511936358107 -0.496157515972 -0.274720641145 0.9 0.1 0.1 0.1 0.9 0.1 0.1 0.1 0.1 0.1 0.1 0.1 0.1 0.1 0.1 0.1 0.1 0.1 0.1 0.1 0.1 0.1 0.1 0.1 0.1 0.1 0.1 0.1 0.1 0.9 0.1 0.1 0.1 0.1 0.9 0.1 0.1 0.1 0.9 0.1 0.1 0.1 0.1 0.1 113000
2782 0.627116618471 -0.496157515972 -0.674314300993 0.1 0.1 0.1 0.1 0.1 0.1 0.9 0.1 0.1 0.1 0.1 0.1 0.1 0.1 0.1 0.1 0.1 0.1 0.1 0.1 0.1 0.1 0.1 0.1 0.1 0.1 0.1 0.1 0.1 0.9 0.1 0.1 0.1 0.1 0.1 0.9 0.1 0.1 0.1 0.9 0.1 0.1 0.1 0.1 132500
1898 -0.2509896762 -0.496157515972 0.911307349254 0.1 0.1 0.1 0.1 0.1 0.1 0.1 0.1 0.1 0.1 0.1 0.1 0.1 0.1 0.1 0.1 0.9 0.1 0.1 0.1 0.1 0.1 0.1 0.1 0.1 0.1 0.1 0.1 0.1 0.1 0.9 0.1 0.1 0.1 0.9 0.1 0.1 0.1 0.1 0.9 0.1 0.1 0.1 0.1 150750
560 -0.146662778572 -0.496157515972 -0.852856149011 0.1 0.1 0.1 0.1 0.1 0.1 0.1 0.1 0.1 0.1 0.1 0.1 0.1 0.1 0.1 0.1 0.1 0.1 0.1 0.1 0.1 0.1 0.1 0.9 0.1 0.1 0.1 0.1 0.1 0.9 0.1 0.1 0.1 0.1 0.1 0.9 0.1 0.1 0.1 0.9 0.1 0.1 0.1 0.1 129000
1343 -0.548178952816 -1.41924126662 0.0993670404143 0.1 0.1 0.1 0.1 0.9 0.1 0.1 0.1 0.1 0.1 0.1 0.1 0.1 0.1 0.1 0.1 0.1 0.1 0.1 0.1 0.1 0.1 0.1 0.1 0.1 0.1 0.1 0.1 0.1 0.9 0.1 0.1 0.1 0.1 0.9 0.1 0.1 0.1 0.1 0.1 0.9 0.1 0.1 0.1 123000
318 0.373936206859 -0.496157515972 1.40867392587 0.1 0.1 0.1 0.1 0.1 0.1 0.1 0.1 0.1 0.1 0.1 0.1 0.1 0.1 0.1 0.1 0.1 0.1 0.1 0.1 0.1 0.1 0.1 0.1 0.1 0.1 0.1 0.9 0.1 0.9 0.1 0.1 0.1 0.1 0.9 0.1 0.1 0.1 0.1 0.1 0.9 0.1 0.1 0.1 174000
2026 0.0964214816565 0.426926234673 1.20462609957 0.1 0.1 0.1 0.1 0.9 0.1 0.1 0.1 0.1 0.1 0.1 0.1 0.1 0.1 0.1 0.1 0.1 0.1 0.1 0.1 0.1 0.1 0.1 0.1 0.1 0.1 0.1 0.1 0.1 0.9 0.1 0.1 0.1 0.1 0.9 0.1 0.1 0.1 0.9 0.1 0.1 0.1 0.1 0.1 153575
403 -1.72865203763 0.426926234673 -0.534031420408 0.1 0.1 0.1 0.9 0.1 0.1 0.1 0.1 0.1 0.1 0.1 0.1 0.1 0.1 0.1 0.1 0.1 0.1 0.1 0.1 0.1 0.1 0.1 0.1 0.1 0.1 0.1 0.1 0.1 0.9 0.1 0.1 0.1 0.1 0.9 0.1 0.1 0.1 0.1 0.9 0.1 0.1 0.1 0.1 111000
54 -1.33982077154 2.27309373596 0.664749559135 0.9 0.9 0.1 0.1 0.1 0.1 0.1 0.1 0.1 0.1 0.1 0.1 0.1 0.1 0.1 0.1 0.1 0.1 0.1 0.1 0.1 0.1 0.1 0.1 0.1 0.1 0.1 0.1 0.1 0.9 0.1 0.1 0.1 0.1 0.9 0.1 0.1 0.1 0.1 0.1 0.9 0.1 0.1 0.1 192000
1088 0.318277936413 1.35000998532 0.226896931855 0.1 0.1 0.1 0.1 0.1 0.1 0.1 0.1 0.1 0.9 0.1 0.1 0.1 0.1 0.1 0.1 0.1 0.1 0.1 0.1 0.1 0.1 0.1 0.1 0.1 0.1 0.1 0.1 0.1 0.9 0.1 0.1 0.1 0.1 0.1 0.9 0.1 0.1 0.1 0.1 0.9 0.1 0.1 0.1 190000
2371 -1.72865203763 0.426926234673 -0.699820279282 0.1 0.1 0.1 0.9 0.1 0.1 0.1 0.1 0.1 0.1 0.1 0.1 0.1 0.1 0.1 0.1 0.1 0.1 0.1 0.1 0.1 0.1 0.1 0.1 0.1 0.1 0.1 0.1 0.1 0.9 0.1 0.1 0.1 0.1 0.9 0.1 0.1 0.1 0.1 0.9 0.1 0.1 0.1 0.1 89000
2363 -0.299658303381 -1.41924126662 -1.0143940115 0.1 0.1 0.1 0.1 0.1 0.1 0.1 0.1 0.1 0.1 0.1 0.1 0.1 0.1 0.1 0.1 0.9 0.1 0.1 0.1 0.1 0.1 0.1 0.1 0.1 0.1 0.1 0.1 0.1 0.9 0.1 0.1 0.1 0.1 0.9 0.1 0.1 0.1 0.1 0.9 0.1 0.1 0.1 0.1 97500
2027 -0.687971818123 1.35000998532 0.983574287737 0.9 0.1 0.1 0.1 0.1 0.1 0.1 0.1 0.1 0.1 0.1 0.1 0.1 0.1 0.1 0.1 0.1 0.1 0.1 0.1 0.1 0.9 0.1 0.1 0.1 0.1 0.1 0.1 0.1 0.1 0.9 0.1 0.1 0.1 0.1 0.9 0.1 0.1 0.9 0.1 0.1 0.1 0.1 0.1 140000
1379 1.20544487976 0.426926234673 -0.0706728148401 0.9 0.1 0.1 0.1 0.1 0.1 0.1 0.1 0.1 0.1 0.1 0.1 0.1 0.1 0.1 0.1 0.1 0.1 0.1 0.1 0.1 0.1 0.1 0.9 0.1 0.1 0.1 0.1 0.1 0.9 0.1 0.1 0.1 0.1 0.9 0.1 0.1 0.1 0.1 0.9 0.1 0.1 0.1 0.1 157500
1681 -0.887823840377 0.426926234673 -0.657310315468 0.9 0.1 0.1 0.1 0.1 0.1 0.1 0.1 0.1 0.1 0.1 0.1 0.1 0.1 0.1 0.1 0.1 0.1 0.9 0.1 0.1 0.1 0.1 0.1 0.1 0.1 0.1 0.1 0.1 0.9 0.1 0.1 0.1 0.1 0.1 0.9 0.1 0.1 0.1 0.9 0.1 0.1 0.1 0.1 128000
1209 0.470496834192 0.426926234673 1.32790499463 0.9 0.1 0.1 0.1 0.1 0.1 0.1 0.1 0.1 0.1 0.1 0.1 0.1 0.1 0.1 0.1 0.9 0.1 0.1 0.1 0.1 0.1 0.1 0.1 0.1 0.1 0.1 0.1 0.1 0.9 0.1 0.1 0.1 0.1 0.1 0.9 0.1 0.1 0.1 0.9 0.1 0.1 0.1 0.1 180500
1680 -1.66652187527 -0.496157515972 1.07284521175 0.1 0.1 0.1 0.9 0.1 0.1 0.1 0.1 0.1 0.1 0.1 0.1 0.1 0.1 0.1 0.1 0.1 0.1 0.1 0.1 0.1 0.1 0.1 0.1 0.1 0.1 0.1 0.1 0.1 0.9 0.1 0.1 0.1 0.1 0.9 0.1 0.1 0.1 0.1 0.9 0.1 0.1 0.1 0.1 122500
1340 -0.86918479167 0.426926234673 -0.423505514493 0.1 0.1 0.1 0.1 0.9 0.1 0.1 0.1 0.1 0.1 0.1 0.1 0.1 0.1 0.1 0.1 0.1 0.1 0.1 0.1 0.1 0.1 0.1 0.1 0.1 0.1 0.1 0.1 0.1 0.9 0.1 0.1 0.1 0.1 0.9 0.1 0.1 0.1 0.9 0.1 0.1 0.1 0.1 0.1 113000
2806 0.117131535776 1.35000998532 1.17912012128 0.1 0.1 0.1 0.1 0.1 0.1 0.9 0.1 0.1 0.1 0.1 0.1 0.1 0.1 0.1 0.1 0.1 0.1 0.1 0.1 0.1 0.1 0.1 0.1 0.1 0.1 0.1 0.1 0.1 0.9 0.1 0.1 0.1 0.1 0.9 0.1 0.1 0.1 0.1 0.1 0.9 0.1 0.1 0.1 207000
2924 2.34087359687 -0.496157515972 0.0568570766007 0.9 0.1 0.1 0.1 0.1 0.1 0.1 0.1 0.1 0.1 0.1 0.1 0.1 0.1 0.1 0.9 0.1 0.1 0.1 0.1 0.1 0.1 0.1 0.1 0.1 0.1 0.1 0.1 0.1 0.9 0.1 0.1 0.1 0.1 0.9 0.1 0.1 0.1 0.1 0.9 0.1 0.1 0.1 0.1 160000
2014 -0.548178952816 0.426926234673 1.25988905253 0.9 0.1 0.1 0.1 0.9 0.1 0.1 0.1 0.1 0.1 0.1 0.1 0.1 0.1 0.1 0.1 0.1 0.1 0.1 0.1 0.1 0.1 0.1 0.1 0.1 0.1 0.1 0.1 0.1 0.9 0.1 0.1 0.1 0.1 0.9 0.1 0.1 0.1 0.9 0.1 0.1 0.1 0.1 0.1 126000
88 -0.221995600432 -0.496157515972 -0.308728612196 0.1 0.1 0.1 0.1 0.1 0.1 0.1 0.1 0.1 0.1 0.1 0.1 0.1 0.1 0.1 0.1 0.1 0.1 0.1 0.1 0.1 0.1 0.1 0.9 0.1 0.1 0.1 0.1 0.1 0.1 0.9 0.1 0.1 0.1 0.9 0.1 0.1 0.1 0.1 0.9 0.1 0.1 0.1 0.1 133000
2248 0.981776295269 0.426926234673 0.792279450576 0.9 0.1 0.1 0.1 0.1 0.1 0.1 0.1 0.1 0.1 0.1 0.1 0.1 0.1 0.1 0.9 0.1 0.1 0.1 0.1 0.1 0.1 0.1 0.1 0.1 0.1 0.1 0.1 0.1 0.1 0.1 0.9 0.1 0.1 0.1 0.9 0.1 0.1 0.1 0.9 0.1 0.1 0.1 0.1 183500
2744 -0.501581331047 -0.496157515972 0.150378996991 0.1 0.1 0.1 0.1 0.1 0.1 0.1 0.1 0.9 0.1 0.1 0.1 0.1 0.1 0.1 0.1 0.1 0.1 0.1 0.1 0.1 0.1 0.1 0.1 0.1 0.1 0.1 0.1 0.1 0.9 0.1 0.1 0.1 0.1 0.1 0.9 0.1 0.1 0.1 0.1 0.9 0.1 0.1 0.1 123500
420 0.608995321116 -0.496157515972 0.0313510983125 0.9 0.1 0.1 0.1 0.1 0.1 0.1 0.1 0.1 0.1 0.1 0.1 0.1 0.1 0.1 0.1 0.9 0.1 0.1 0.1 0.1 0.1 0.1 0.1 0.1 0.1 0.1 0.1 0.1 0.9 0.1 0.1 0.1 0.1 0.9 0.1 0.1 0.1 0.1 0.1 0.9 0.1 0.1 0.1 148800
1939 0.0109925084132 -0.496157515972 -0.797593196053 0.9 0.1 0.1 0.1 0.1 0.1 0.1 0.1 0.1 0.1 0.1 0.1 0.1 0.1 0.1 0.1 0.9 0.1 0.1 0.1 0.1 0.1 0.1 0.1 0.1 0.1 0.1 0.1 0.1 0.1 0.9 0.1 0.1 0.1 0.9 0.1 0.1 0.1 0.1 0.9 0.1 0.1 0.1 0.1 116900
1634 -0.936492467558 2.27309373596 0.282159884813 0.1 0.1 0.1 0.1 0.1 0.1 0.1 0.1 0.1 0.1 0.1 0.1 0.1 0.1 0.1 0.1 0.1 0.1 0.1 0.1 0.1 0.1 0.1 0.1 0.1 0.1 0.9 0.1 0.1 0.9 0.1 0.1 0.1 0.1 0.1 0.9 0.1 0.1 0.1 0.9 0.1 0.1 0.1 0.1 182000
1194 0.133181827719 -0.496157515972 -0.852856149011 0.1 0.1 0.1 0.1 0.1 0.1 0.1 0.1 0.1 0.1 0.1 0.1 0.1 0.1 0.1 0.1 0.9 0.1 0.1 0.1 0.1 0.1 0.1 0.1 0.1 0.1 0.1 0.1 0.1 0.1 0.9 0.1 0.1 0.1 0.9 0.1 0.1 0.1 0.1 0.9 0.1 0.1 0.1 0.1 147000
462 -0.548178952816 2.27309373596 0.89855436011 0.9 0.1 0.1 0.1 0.1 0.1 0.1 0.1 0.1 0.1 0.1 0.1 0.1 0.1 0.1 0.1 0.1 0.1 0.1 0.9 0.1 0.1 0.1 0.1 0.1 0.1 0.1 0.1 0.1 0.9 0.1 0.1 0.1 0.1 0.9 0.1 0.1 0.1 0.1 0.1 0.9 0.1 0.1 0.1 254000
2067 4.39608759256 -0.496157515972 1.2896460272 0.1 0.1 0.1 0.1 0.1 0.1 0.1 0.1 0.1 0.1 0.1 0.1 0.1 0.1 0.1 0.1 0.1 0.1 0.1 0.1 0.1 0.1 0.1 0.9 0.1 0.1 0.1 0.1 0.1 0.9 0.1 0.1 0.1 0.1 0.9 0.1 0.1 0.1 0.9 0.1 0.1 0.1 0.1 0.1 112000
721 -1.30927344171 -1.41924126662 -1.26095180162 0.9 0.1 0.1 0.1 0.1 0.1 0.1 0.1 0.1 0.1 0.1 0.1 0.1 0.1 0.1 0.1 0.1 0.1 0.1 0.1 0.1 0.9 0.1 0.1 0.1 0.1 0.1 0.1 0.1 0.9 0.1 0.1 0.1 0.1 0.9 0.1 0.1 0.1 0.9 0.1 0.1 0.1 0.1 0.1 58500
596 0.19220548196 -0.496157515972 -0.797593196053 0.1 0.1 0.1 0.1 0.1 0.1 0.1 0.1 0.1 0.1 0.1 0.1 0.1 0.1 0.1 0.1 0.9 0.1 0.1 0.1 0.1 0.1 0.1 0.1 0.1 0.1 0.1 0.1 0.1 0.9 0.1 0.1 0.1 0.1 0.9 0.1 0.1 0.1 0.1 0.9 0.1 0.1 0.1 0.1 117500
143 0.0109925084132 -0.496157515972 0.856044396297 0.1 0.1 0.1 0.1 0.1 0.1 0.1 0.1 0.1 0.1 0.1 0.1 0.1 0.1 0.1 0.1 0.9 0.1 0.1 0.1 0.1 0.1 0.1 0.1 0.1 0.1 0.1 0.1 0.1 0.9 0.1 0.1 0.1 0.1 0.9 0.1 0.1 0.1 0.1 0.9 0.1 0.1 0.1 0.1 145000
224 0.260548660554 0.426926234673 1.01758225879 0.1 0.1 0.1 0.1 0.1 0.1 0.1 0.1 0.1 0.1 0.1 0.1 0.1 0.1 0.1 0.1 0.1 0.1 0.1 0.1 0.1 0.1 0.1 0.9 0.1 0.1 0.1 0.1 0.1 0.1 0.9 0.1 0.1 0.1 0.9 0.1 0.1 0.1 0.1 0.9 0.1 0.1 0.1 0.1 158000
1808 -0.221995600432 1.35000998532 0.129124015084 0.1 0.1 0.1 0.1 0.1 0.1 0.1 0.1 0.1 0.1 0.1 0.1 0.1 0.1 0.1 0.1 0.1 0.1 0.1 0.1 0.1 0.1 0.1 0.1 0.9 0.1 0.1 0.1 0.1 0.9 0.1 0.1 0.1 0.1 0.9 0.1 0.1 0.1 0.1 0.1 0.9 0.1 0.1 0.1 147000
2050 0.744905051276 -0.496157515972 1.44268189692 0.9 0.1 0.1 0.1 0.1 0.1 0.1 0.1 0.1 0.1 0.1 0.1 0.1 0.1 0.1 0.1 0.1 0.1 0.1 0.1 0.1 0.1 0.1 0.9 0.1 0.1 0.1 0.1 0.1 0.9 0.1 0.1 0.1 0.1 0.9 0.1 0.1 0.1 0.1 0.9 0.1 0.1 0.1 0.1 158450
1919 -0.0278388430611 -0.496157515972 -0.253465659239 0.1 0.1 0.1 0.1 0.1 0.1 0.1 0.1 0.1 0.1 0.1 0.1 0.1 0.1 0.1 0.1 0.9 0.1 0.1 0.1 0.1 0.1 0.1 0.1 0.1 0.1 0.1 0.1 0.1 0.1 0.9 0.1 0.1 0.1 0.9 0.1 0.1 0.1 0.1 0.9 0.1 0.1 0.1 0.1 142100
2225 3.42271504894 0.426926234673 1.59571776665 0.9 0.1 0.1 0.1 0.1 0.1 0.1 0.9 0.1 0.1 0.1 0.1 0.1 0.1 0.1 0.1 0.1 0.1 0.1 0.1 0.1 0.1 0.1 0.1 0.1 0.1 0.1 0.1 0.1 0.1 0.1 0.9 0.1 0.1 0.1 0.9 0.1 0.1 0.1 0.1 0.9 0.1 0.1 0.1 215000
2490 0.0293726814443 0.426926234673 0.422442765398 0.9 0.1 0.1 0.1 0.1 0.1 0.1 0.1 0.1 0.1 0.1 0.1 0.1 0.1 0.1 0.1 0.1 0.1 0.1 0.1 0.1 0.1 0.1 0.9 0.1 0.1 0.1 0.1 0.1 0.1 0.9 0.1 0.1 0.1 0.1 0.9 0.1 0.1 0.1 0.9 0.1 0.1 0.1 0.1 151000
1904 -1.25749830641 -2.34232501726 -1.8815972733 0.1 0.1 0.1 0.1 0.9 0.1 0.1 0.1 0.1 0.1 0.1 0.1 0.1 0.1 0.1 0.1 0.1 0.1 0.1 0.1 0.1 0.1 0.1 0.1 0.1 0.1 0.1 0.1 0.1 0.9 0.1 0.1 0.1 0.1 0.9 0.1 0.1 0.1 0.1 0.9 0.1 0.1 0.1 0.1 64000
1887 -0.00479890785303 -0.496157515972 -0.980386040451 0.1 0.1 0.1 0.1 0.1 0.1 0.1 0.1 0.1 0.1 0.1 0.1 0.1 0.1 0.1 0.1 0.9 0.1 0.1 0.1 0.1 0.1 0.1 0.1 0.1 0.1 0.1 0.1 0.1 0.9 0.1 0.1 0.1 0.1 0.1 0.9 0.1 0.1 0.1 0.1 0.1 0.9 0.1 0.1 106500
660 0.484734996399 -0.496157515972 -0.147190749705 0.1 0.1 0.1 0.1 0.1 0.1 0.1 0.1 0.1 0.1 0.1 0.1 0.1 0.1 0.1 0.1 0.1 0.1 0.1 0.1 0.1 0.9 0.1 0.1 0.1 0.1 0.1 0.1 0.1 0.9 0.1 0.1 0.1 0.1 0.9 0.1 0.1 0.1 0.9 0.1 0.1 0.1 0.1 0.1 125000
2305 0.540911018198 -0.496157515972 -0.959131058545 0.1 0.1 0.1 0.1 0.1 0.1 0.1 0.1 0.1 0.1 0.1 0.1 0.1 0.1 0.1 0.9 0.1 0.1 0.1 0.1 0.1 0.1 0.1 0.1 0.1 0.1 0.1 0.1 0.1 0.9 0.1 0.1 0.1 0.1 0.9 0.1 0.1 0.1 0.1 0.9 0.1 0.1 0.1 0.1 124500
155 -0.299658303381 -0.496157515972 -1.21419084143 0.9 0.1 0.1 0.1 0.1 0.1 0.1 0.1 0.1 0.1 0.1 0.1 0.1 0.1 0.1 0.1 0.9 0.1 0.1 0.1 0.1 0.1 0.1 0.1 0.1 0.1 0.1 0.1 0.1 0.9 0.1 0.1 0.1 0.1 0.9 0.1 0.1 0.1 0.1 0.1 0.1 0.9 0.1 0.1 107500
2268 -0.424436379451 2.27309373596 0.847542403534 0.1 0.1 0.1 0.1 0.1 0.1 0.1 0.1 0.1 0.1 0.1 0.1 0.1 0.1 0.1 0.1 0.1 0.1 0.1 0.1 0.1 0.1 0.1 0.1 0.1 0.1 0.1 0.9 0.1 0.9 0.1 0.1 0.1 0.1 0.1 0.9 0.1 0.1 0.1 0.1 0.9 0.1 0.1 0.1 180500
274 0.108588638452 -2.34232501726 -2.00912716474 0.1 0.1 0.1 0.1 0.1 0.1 0.1 0.1 0.9 0.1 0.1 0.1 0.1 0.1 0.1 0.1 0.1 0.1 0.1 0.1 0.1 0.1 0.1 0.1 0.1 0.1 0.1 0.1 0.1 0.9 0.1 0.1 0.1 0.1 0.9 0.1 0.1 0.1 0.1 0.9 0.1 0.1 0.1 0.1 84900
453 -0.770553158925 0.426926234673 0.822036425246 0.9 0.1 0.1 0.1 0.1 0.1 0.1 0.1 0.1 0.1 0.1 0.1 0.1 0.1 0.1 0.1 0.1 0.1 0.1 0.9 0.1 0.1 0.1 0.1 0.1 0.1 0.1 0.1 0.1 0.9 0.1 0.1 0.1 0.1 0.1 0.9 0.1 0.1 0.1 0.1 0.9 0.1 0.1 0.1 196000
951 0.360474671681 0.426926234673 -0.793342199672 0.9 0.1 0.1 0.1 0.1 0.1 0.1 0.1 0.1 0.1 0.1 0.1 0.1 0.1 0.1 0.9 0.1 0.1 0.1 0.1 0.1 0.1 0.1 0.1 0.1 0.1 0.1 0.1 0.1 0.9 0.1 0.1 0.1 0.1 0.9 0.1 0.1 0.1 0.1 0.9 0.1 0.1 0.1 0.1 156450
1152 -0.0666701945353 -0.496157515972 -1.05690397532 0.9 0.1 0.1 0.1 0.1 0.1 0.1 0.1 0.1 0.1 0.1 0.1 0.1 0.1 0.1 0.1 0.1 0.1 0.1 0.1 0.1 0.1 0.1 0.9 0.1 0.1 0.1 0.1 0.1 0.9 0.1 0.1 0.1 0.1 0.9 0.1 0.1 0.1 0.1 0.9 0.1 0.1 0.1 0.1 135000
1149 -0.120516335246 0.426926234673 0.36717981244 0.1 0.1 0.1 0.1 0.1 0.1 0.1 0.1 0.1 0.1 0.1 0.1 0.1 0.1 0.1 0.1 0.1 0.1 0.1 0.1 0.1 0.1 0.1 0.1 0.9 0.1 0.1 0.1 0.1 0.9 0.1 0.1 0.1 0.1 0.9 0.1 0.1 0.1 0.1 0.1 0.9 0.1 0.1 0.1 153900
1942 1.92227162798 -0.496157515972 -0.801844192434 0.1 0.1 0.1 0.1 0.1 0.1 0.1 0.1 0.1 0.1 0.1 0.1 0.1 0.1 0.1 0.1 0.1 0.1 0.1 0.1 0.1 0.9 0.1 0.1 0.1 0.1 0.1 0.1 0.1 0.9 0.1 0.1 0.1 0.1 0.9 0.1 0.1 0.1 0.1 0.9 0.1 0.1 0.1 0.1 112500
336 1.17256766885 -0.496157515972 -1.18868486314 0.1 0.1 0.1 0.1 0.1 0.1 0.1 0.1 0.1 0.1 0.1 0.1 0.1 0.1 0.1 0.9 0.1 0.1 0.1 0.1 0.1 0.1 0.1 0.1 0.1 0.1 0.1 0.1 0.1 0.9 0.1 0.1 0.1 0.1 0.9 0.1 0.1 0.1 0.1 0.9 0.1 0.1 0.1 0.1 149900
1304 -0.610309115175 -0.496157515972 -0.784840206909 0.1 0.1 0.1 0.1 0.1 0.1 0.1 0.1 0.1 0.1 0.1 0.1 0.1 0.1 0.1 0.1 0.1 0.1 0.1 0.1 0.1 0.9 0.1 0.1 0.1 0.1 0.1 0.1 0.1 0.9 0.1 0.1 0.1 0.1 0.9 0.1 0.1 0.1 0.1 0.9 0.1 0.1 0.1 0.1 112500
2623 -0.299658303381 -1.41924126662 -0.308728612196 0.1 0.1 0.1 0.1 0.1 0.1 0.1 0.1 0.1 0.1 0.1 0.1 0.1 0.1 0.1 0.1 0.9 0.1 0.1 0.1 0.1 0.1 0.1 0.1 0.1 0.1 0.1 0.1 0.1 0.9 0.1 0.1 0.1 0.1 0.9 0.1 0.1 0.1 0.1 0.1 0.1 0.9 0.1 0.1 109900
2844 -0.0697767026533 -3.26540876791 -2.61276865089 0.1 0.1 0.1 0.1 0.1 0.1 0.1 0.1 0.9 0.1 0.1 0.1 0.1 0.1 0.1 0.1 0.1 0.1 0.1 0.1 0.1 0.1 0.1 0.1 0.1 0.1 0.1 0.1 0.1 0.9 0.1 0.1 0.1 0.1 0.9 0.1 0.1 0.1 0.9 0.1 0.1 0.1 0.1 0.1 35000
418 -1.6188887508 1.35000998532 -1.17593187399 0.1 0.1 0.1 0.1 0.1 0.1 0.1 0.1 0.1 0.1 0.1 0.1 0.1 0.1 0.1 0.1 0.1 0.1 0.9 0.1 0.1 0.1 0.1 0.1 0.1 0.1 0.1 0.1 0.1 0.9 0.1 0.1 0.1 0.1 0.9 0.1 0.1 0.1 0.1 0.9 0.1 0.1 0.1 0.1 128500
1040 -1.72865203763 0.426926234673 -0.534031420408 0.1 0.1 0.1 0.9 0.1 0.1 0.1 0.1 0.1 0.1 0.1 0.1 0.1 0.1 0.1 0.1 0.1 0.1 0.1 0.1 0.1 0.1 0.1 0.1 0.1 0.1 0.1 0.1 0.1 0.9 0.1 0.1 0.1 0.1 0.9 0.1 0.1 0.1 0.1 0.9 0.1 0.1 0.1 0.1 103400
697 1.89042991977 -0.496157515972 0.822036425246 0.1 0.1 0.1 0.1 0.1 0.1 0.1 0.1 0.1 0.1 0.1 0.1 0.1 0.1 0.1 0.1 0.1 0.1 0.1 0.1 0.1 0.9 0.1 0.1 0.1 0.1 0.1 0.1 0.1 0.9 0.1 0.1 0.1 0.1 0.9 0.1 0.1 0.1 0.1 0.9 0.1 0.1 0.1 0.1 130000
96 -1.33127787421 1.35000998532 0.371430808821 0.1 0.1 0.1 0.1 0.1 0.1 0.1 0.1 0.1 0.1 0.1 0.1 0.1 0.1 0.1 0.1 0.1 0.1 0.1 0.1 0.1 0.1 0.1 0.1 0.1 0.9 0.1 0.1 0.1 0.9 0.1 0.1 0.1 0.1 0.9 0.1 0.1 0.1 0.1 0.1 0.9 0.1 0.1 0.1 155000
2091 0.517612207314 1.35000998532 1.40017193311 0.9 0.1 0.1 0.1 0.1 0.1 0.1 0.1 0.1 0.1 0.1 0.1 0.1 0.1 0.1 0.1 0.1 0.1 0.1 0.1 0.1 0.1 0.1 0.1 0.9 0.1 0.1 0.1 0.1 0.1 0.9 0.1 0.1 0.1 0.1 0.9 0.1 0.1 0.1 0.1 0.9 0.1 0.1 0.1 179900
1779 1.78584414646 2.27309373596 1.4936938535 0.1 0.1 0.1 0.1 0.1 0.1 0.1 0.1 0.1 0.1 0.1 0.1 0.1 0.1 0.1 0.1 0.1 0.1 0.1 0.1 0.1 0.1 0.1 0.1 0.1 0.9 0.1 0.1 0.1 0.1 0.1 0.9 0.1 0.1 0.1 0.9 0.1 0.1 0.1 0.1 0.9 0.1 0.1 0.1 282922
1979 -1.34732816616 -0.496157515972 -0.619051348036 0.9 0.1 0.1 0.1 0.1 0.1 0.1 0.1 0.1 0.1 0.1 0.1 0.1 0.1 0.1 0.1 0.1 0.1 0.1 0.1 0.1 0.9 0.1 0.1 0.1 0.1 0.1 0.1 0.1 0.9 0.1 0.1 0.1 0.1 0.9 0.1 0.1 0.1 0.9 0.1 0.1 0.1 0.1 0.1 99900
2017 -0.579244033995 -0.496157515972 0.715761515712 0.1 0.1 0.1 0.1 0.9 0.1 0.1 0.1 0.1 0.1 0.1 0.1 0.1 0.1 0.1 0.1 0.1 0.1 0.1 0.1 0.1 0.1 0.1 0.1 0.1 0.1 0.1 0.1 0.1 0.9 0.1 0.1 0.1 0.1 0.9 0.1 0.1 0.1 0.9 0.1 0.1 0.1 0.1 0.1 132500
2914 -1.7830159297 -1.41924126662 -2.05163712855 0.1 0.1 0.1 0.1 0.1 0.1 0.1 0.1 0.1 0.1 0.1 0.1 0.1 0.1 0.9 0.1 0.1 0.1 0.1 0.1 0.1 0.1 0.1 0.1 0.1 0.1 0.1 0.1 0.1 0.9 0.1 0.1 0.1 0.1 0.9 0.1 0.1 0.1 0.1 0.9 0.1 0.1 0.1 0.1 73000
739 -0.610309115175 0.426926234673 -0.886864120061 0.1 0.1 0.1 0.1 0.9 0.1 0.1 0.1 0.1 0.1 0.1 0.1 0.1 0.1 0.1 0.1 0.1 0.1 0.1 0.1 0.1 0.1 0.1 0.1 0.1 0.1 0.1 0.1 0.1 0.9 0.1 0.1 0.1 0.1 0.9 0.1 0.1 0.1 0.1 0.1 0.9 0.1 0.1 0.1 119000
1255 0.456776423337 -1.41924126662 -1.03564899341 0.1 0.1 0.1 0.1 0.1 0.1 0.1 0.1 0.1 0.1 0.1 0.1 0.1 0.1 0.1 0.1 0.1 0.1 0.1 0.1 0.1 0.9 0.1 0.1 0.1 0.1 0.1 0.1 0.1 0.9 0.1 0.1 0.1 0.1 0.9 0.1 0.1 0.1 0.1 0.1 0.1 0.9 0.1 0.1 89900
1219 0.770015991896 -0.496157515972 0.0228491055498 0.1 0.1 0.1 0.1 0.1 0.1 0.1 0.1 0.1 0.1 0.1 0.1 0.1 0.1 0.1 0.1 0.9 0.1 0.1 0.1 0.1 0.1 0.1 0.1 0.1 0.1 0.1 0.1 0.1 0.1 0.9 0.1 0.1 0.1 0.1 0.9 0.1 0.1 0.1 0.9 0.1 0.1 0.1 0.1 153000
1684 -0.312602087206 -0.496157515972 -0.529780424027 0.1 0.1 0.1 0.1 0.1 0.1 0.1 0.1 0.1 0.1 0.1 0.1 0.1 0.1 0.1 0.1 0.9 0.1 0.1 0.1 0.1 0.1 0.1 0.1 0.1 0.1 0.1 0.1 0.1 0.9 0.1 0.1 0.1 0.1 0.9 0.1 0.1 0.1 0.1 0.9 0.1 0.1 0.1 0.1 129250
535 -0.221995600432 1.35000998532 0.120622022321 0.1 0.1 0.1 0.1 0.1 0.1 0.1 0.1 0.1 0.1 0.1 0.1 0.1 0.1 0.1 0.1 0.1 0.1 0.1 0.1 0.1 0.1 0.1 0.1 0.9 0.1 0.1 0.1 0.1 0.9 0.1 0.1 0.1 0.1 0.9 0.1 0.1 0.1 0.1 0.1 0.9 0.1 0.1 0.1 152000
664 -0.765634521072 -1.41924126662 1.11110417918 0.1 0.1 0.1 0.1 0.1 0.1 0.1 0.1 0.1 0.1 0.1 0.1 0.1 0.1 0.1 0.1 0.1 0.1 0.1 0.1 0.1 0.9 0.1 0.1 0.1 0.1 0.1 0.1 0.1 0.1 0.9 0.1 0.1 0.1 0.9 0.1 0.1 0.1 0.1 0.1 0.9 0.1 0.1 0.1 105000
1940 1.27948332324 -0.496157515972 -0.784840206909 0.1 0.1 0.1 0.1 0.1 0.1 0.1 0.1 0.1 0.1 0.1 0.1 0.1 0.1 0.1 0.1 0.9 0.1 0.1 0.1 0.1 0.1 0.1 0.1 0.1 0.1 0.1 0.1 0.1 0.9 0.1 0.1 0.1 0.1 0.9 0.1 0.1 0.1 0.1 0.9 0.1 0.1 0.1 0.1 132000
972 -0.998622629917 0.426926234673 0.388434794347 0.1 0.1 0.1 0.1 0.1 0.1 0.1 0.1 0.1 0.1 0.1 0.1 0.1 0.1 0.1 0.9 0.1 0.1 0.1 0.1 0.1 0.1 0.1 0.1 0.1 0.1 0.1 0.1 0.1 0.1 0.1 0.1 0.9 0.1 0.9 0.1 0.1 0.1 0.1 0.1 0.9 0.1 0.1 0.1 162000
599 0.370829698741 0.426926234673 0.975072294975 0.9 0.1 0.1 0.1 0.1 0.1 0.1 0.1 0.1 0.1 0.1 0.1 0.1 0.1 0.1 0.1 0.1 0.1 0.1 0.1 0.9 0.1 0.1 0.1 0.1 0.1 0.1 0.1 0.1 0.9 0.1 0.1 0.1 0.1 0.9 0.1 0.1 0.1 0.1 0.9 0.1 0.1 0.1 0.1 161500
873 0.101598995186 1.35000998532 1.29389702358 0.9 0.1 0.1 0.1 0.1 0.1 0.9 0.1 0.1 0.1 0.1 0.1 0.1 0.1 0.1 0.1 0.1 0.1 0.1 0.1 0.1 0.1 0.1 0.1 0.1 0.1 0.1 0.1 0.1 0.9 0.1 0.1 0.1 0.1 0.9 0.1 0.1 0.1 0.1 0.1 0.9 0.1 0.1 0.1 210000
1964 -0.221995600432 -0.496157515972 -0.308728612196 0.1 0.1 0.1 0.1 0.1 0.1 0.1 0.1 0.1 0.1 0.1 0.1 0.1 0.1 0.1 0.1 0.9 0.1 0.1 0.1 0.1 0.1 0.1 0.1 0.1 0.1 0.1 0.1 0.1 0.9 0.1 0.1 0.1 0.1 0.9 0.1 0.1 0.1 0.1 0.9 0.1 0.1 0.1 0.1 152000
2136 0.0783001843019 -0.496157515972 -0.372493557917 0.9 0.1 0.1 0.1 0.1 0.1 0.9 0.1 0.1 0.1 0.1 0.1 0.1 0.1 0.1 0.1 0.1 0.1 0.1 0.1 0.1 0.1 0.1 0.1 0.1 0.1 0.1 0.1 0.1 0.9 0.1 0.1 0.1 0.1 0.1 0.9 0.1 0.1 0.1 0.9 0.1 0.1 0.1 0.1 153500
1434 0.229742455051 -0.496157515972 -0.521278431264 0.1 0.1 0.1 0.1 0.1 0.1 0.9 0.1 0.1 0.1 0.1 0.1 0.1 0.1 0.1 0.1 0.1 0.1 0.1 0.1 0.1 0.1 0.1 0.1 0.1 0.1 0.1 0.1 0.1 0.9 0.1 0.1 0.1 0.1 0.1 0.1 0.9 0.1 0.1 0.1 0.9 0.1 0.1 0.1 145000
2043 -1.02761670568 -0.496157515972 -1.15892788847 0.9 0.1 0.1 0.1 0.1 0.1 0.1 0.1 0.1 0.1 0.1 0.1 0.1 0.1 0.1 0.1 0.1 0.1 0.1 0.1 0.1 0.9 0.1 0.1 0.1 0.1 0.1 0.1 0.1 0.9 0.1 0.1 0.1 0.1 0.1 0.9 0.1 0.1 0.9 0.1 0.1 0.1 0.1 0.1 87000
1233 0.205149265784 0.426926234673 1.35341097292 0.9 0.1 0.1 0.1 0.1 0.1 0.1 0.1 0.1 0.1 0.1 0.1 0.1 0.1 0.1 0.1 0.9 0.1 0.1 0.1 0.1 0.1 0.1 0.1 0.1 0.1 0.1 0.1 0.1 0.1 0.9 0.1 0.1 0.1 0.1 0.9 0.1 0.1 0.1 0.9 0.1 0.1 0.1 0.1 165000
1042 -1.67428814557 0.426926234673 -0.534031420408 0.1 0.1 0.1 0.9 0.1 0.1 0.1 0.1 0.1 0.1 0.1 0.1 0.1 0.1 0.1 0.1 0.1 0.1 0.1 0.1 0.1 0.1 0.1 0.1 0.1 0.1 0.1 0.1 0.1 0.9 0.1 0.1 0.1 0.1 0.9 0.1 0.1 0.1 0.1 0.9 0.1 0.1 0.1 0.1 100500
2148 0.10134011951 1.35000998532 1.47243887159 0.9 0.1 0.1 0.1 0.1 0.1 0.9 0.1 0.1 0.1 0.1 0.1 0.1 0.1 0.1 0.1 0.1 0.1 0.1 0.1 0.1 0.1 0.1 0.1 0.1 0.1 0.1 0.1 0.1 0.9 0.1 0.1 0.1 0.1 0.9 0.1 0.1 0.1 0.1 0.1 0.9 0.1 0.1 0.1 192000
2804 -1.01544954889 0.426926234673 -1.12491991742 0.9 0.1 0.1 0.1 0.1 0.1 0.9 0.1 0.1 0.1 0.1 0.1 0.1 0.1 0.1 0.1 0.1 0.1 0.1 0.1 0.1 0.1 0.1 0.1 0.1 0.1 0.1 0.1 0.1 0.9 0.1 0.1 0.1 0.1 0.9 0.1 0.1 0.1 0.1 0.1 0.9 0.1 0.1 0.1 155900
936 -1.8270247947 0.426926234673 0.494709703881 0.9 0.1 0.9 0.1 0.1 0.1 0.1 0.1 0.1 0.1 0.1 0.1 0.1 0.1 0.1 0.1 0.1 0.1 0.1 0.1 0.1 0.1 0.1 0.1 0.1 0.1 0.1 0.1 0.1 0.9 0.1 0.1 0.1 0.1 0.9 0.1 0.1 0.1 0.1 0.9 0.1 0.1 0.1 0.1 124000
1338 -0.610309115175 0.426926234673 1.63397673409 0.1 0.1 0.1 0.1 0.9 0.1 0.1 0.1 0.1 0.1 0.1 0.1 0.1 0.1 0.1 0.1 0.1 0.1 0.1 0.1 0.1 0.1 0.1 0.1 0.1 0.1 0.1 0.1 0.1 0.9 0.1 0.1 0.1 0.1 0.9 0.1 0.1 0.1 0.9 0.1 0.1 0.1 0.1 0.1 157000
2644 -0.692113828947 0.426926234673 -1.27370479077 0.1 0.1 0.1 0.1 0.1 0.1 0.1 0.1 0.1 0.1 0.1 0.1 0.1 0.1 0.1 0.1 0.1 0.1 0.1 0.1 0.1 0.9 0.1 0.1 0.1 0.1 0.1 0.1 0.1 0.9 0.1 0.1 0.1 0.1 0.9 0.1 0.1 0.1 0.9 0.1 0.1 0.1 0.1 0.1 110000
2060 0.0104747570602 -0.496157515972 -0.721075261188 0.1 0.1 0.1 0.1 0.1 0.1 0.1 0.1 0.1 0.1 0.1 0.1 0.1 0.1 0.1 0.1 0.1 0.1 0.1 0.1 0.1 0.1 0.1 0.9 0.1 0.1 0.1 0.1 0.1 0.9 0.1 0.1 0.1 0.1 0.1 0.9 0.1 0.1 0.1 0.9 0.1 0.1 0.1 0.1 134500
